x <- c(1:10)
y <- x*10
